*1,10
,98,14,72,311,463,48
87,31,72,300,481,49
255,20,50,465,471,27
233,50,44,446,500,20
269,37,50,479,488,28
228,5,30,438,456,7
225,8,41,435,459,18
229,34,41,440,484,17
157,49,62,368,500,40
274,53,48,485,507,25
184,20,40,393,471,17
86,51,49,296,503,26
120,48,56,330,500,34
75,40,64,286,489,42
259,22,44,470,471,21
254,21,56,466,472,33

*1,2
,481,278,55,37,273,40
497,449,63,54,443,48
503,132,49,59,128,34
462,454,65,19,447,50
502,433,69,59,427,54
506,333,55,63,328,40
456,287,73,14,281,58
490,59,36,48,54,20
498,360,60,54,355,45
466,303,61,24,297,46
474,236,56,30,231,41
503,396,53,59,391,38
466,38,39,22,33,25
485,306,55,41,301,40
463,113,44,19,108,29
482,158,55,38,154,40
506,93,47,62,89,32
503,278,29,60,273,13
480,253,61,36,249,46
485,81,42,42,76,27
483,110,49,39,105,34
508,457,47,64,453,32
470,506,43,26,500,27
498,313,73,53,308,59
466,157,55,22,152,41
448,174,29,6,168,14
493,477,45,50,472,30
480,46,45,38,42,30
450,290,61,8,285,46
493,64,48,50,59,33
479,82,36,37,78,21
469,297,54,25,291,39
493,142,55,50,137,40
483,259,54,39,252,39
484,227,28,41,222,13
492,262,28,49,257,13
469,180,53,26,174,38
484,281,49,41,276,34
462,393,46,18,389,31
504,433,63,62,427,48
486,493,45,42,488,29
453,300,36,9,295,22
497,458,36,54,453,21
490,85,48,46,80,33
479,117,43,37,111,28
464,470,34,20,465,19
506,451,57,61,445,42
474,11,50,31,5,36
488,437,21,46,432,5
484,159,49,41,155,34
448,97,53,5,93,37
459,499,36,17,493,21
460,317,71,17,313,55
485,471,67,42,464,51
481,464,34,38,458,19
496,356,54,52,351,39
505,278,23,63,273,7
488,264,48,45,257,33

*1,3
,
*1,9
,306,145,62,238,383,39
98,14,72,31,249,47
101,73,54,34,310,29
99,88,37,32,325,10
255,20,50,185,257,26
472,8,56,406,245,32
271,131,58,204,368,34
408,6,55,342,243,30
87,31,72,20,267,47
314,23,53,247,260,28
420,56,57,353,293,33
111,64,63,45,301,38
345,158,63,279,395,39
422,21,41,355,259,16
368,203,62,301,441,37
233,77,46,167,314,21
99,91,44,31,328,19
233,50,44,166,288,20
336,147,53,269,385,27
241,109,62,174,346,38
357,16,36,291,253,11
471,207,54,405,442,29
230,21,35,162,258,10
279,83,57,213,320,32
474,236,56,407,473,31
80,100,63,11,337,38
422,80,57,356,317,33
326,149,62,259,386,39
225,8,41,158,245,17
229,34,41,161,272,16
336,204,56,269,442,31
410,26,35,343,263,10
149,40,34,81,276,8
463,113,44,395,350,19
278,135,64,210,372,40
387,232,62,320,469,37
157,49,62,88,286,38
259,194,45,191,432,20
357,145,46,290,383,21
361,249,48,293,487,22
208,220,35,138,457,10
472,204,48,405,441,23
338,232,56,270,468,32
424,9,55,358,245,30
257,121,64,190,358,40
103,16,66,35,250,41
99,89,50,32,326,25
229,227,38,159,465,14
189,211,33,119,448,8
86,51,49,18,289,23
490,85,48,424,322,23
472,210,60,405,446,35
273,173,53,207,410,28
479,117,43,411,353,18
461,265,41,395,502,16
237,52,38,169,288,14
127,121,56,57,358,31
168,180,62,100,418,38
255,201,39,186,439,14
362,15,30,294,252,5
341,158,69,274,394,45
195,80,53,128,318,29
107,73,48,38,310,23
232,169,68,162,406,44
343,36,58,276,273,33
152,184,61,84,418,37
482,112,55,416,349,30
119,19,46,50,256,22
440,116,49,374,353,24
151,233,58,83,470,33
250,217,33,180,455,9
426,33,61,359,270,36
430,32,49,363,268,24
227,95,54,160,330,29
426,22,35,359,258,10
290,151,65,220,388,42
207,223,41,138,461,16
150,144,54,84,381,28
152,271,57,85,507,30
342,238,50,274,476,26
211,91,54,144,327,29

*2,9
,14,257,57,391,499,48
70,222,46,448,463,35
74,248,43,451,491,33
68,52,35,445,295,25
99,130,24,477,371,14
79,70,33,459,313,22
30,231,41,407,473,31
22,152,41,401,395,31
42,76,27,421,318,17
62,89,32,440,331,22
83,123,27,461,365,15
66,112,33,442,354,22
19,108,29,395,350,19
120,121,28,499,363,17
39,252,39,418,494,29
20,155,47,400,397,37
120,169,47,500,412,37
99,122,30,477,365,20
5,93,37,383,334,27
78,242,36,456,486,27
18,261,27,395,502,16
5,75,39,384,317,30
13,260,63,390,502,54
31,5,36,411,245,26
38,107,40,416,349,30
22,145,35,402,389,25
127,153,52,504,396,42

*3,4
,243,5,47,235,477,41
270,7,51,262,479,43
269,20,61,261,491,53
375,27,54,366,499,48
276,6,36,269,476,30
214,35,52,207,507,45
484,8,49,476,480,42
473,27,60,465,498,53
332,7,15,325,478,8
248,6,41,238,476,35
487,11,59,478,482,52
38,15,43,28,487,36
304,11,50,297,482,43
379,10,56,370,482,49
464,25,25,456,497,19
417,26,41,409,496,34
149,16,61,142,488,54
449,8,18,442,480,10
245,5,53,236,479,47
430,18,51,420,488,44
249,22,38,242,493,30

*3,8
,123,156,42,507,356,73
106,160,41,490,361,73
32,24,7,416,226,38
89,174,42,473,375,73
20,221,17,405,420,47
106,42,39,489,244,71
24,59,25,406,260,58
11,280,39,395,482,71
17,219,11,402,420,41
85,35,31,468,238,64

*3,9
,15,462,31,407,195,37
11,372,32,403,104,37
111,338,43,503,69,48
62,459,48,453,192,54
38,457,39,430,190,44
21,482,36,413,214,41
42,366,33,434,99,38
87,344,41,480,76,45
16,460,25,408,193,31
11,280,39,402,13,44
92,291,37,485,23,41
103,454,33,494,187,38
10,405,21,401,138,26
58,292,38,451,24,42
5,365,38,397,97,43
108,344,37,497,78,42
79,447,48,469,180,52
87,473,47,478,207,52

*4,5
,508,16,21,498,461,35
493,44,23,485,489,36
175,27,15,167,471,28
453,42,10,444,488,24
507,27,12,499,472,25
28,43,32,21,488,45
493,58,12,485,505,25
184,47,36,177,493,50
96,56,29,89,500,42
147,52,29,139,497,42
71,14,9,62,458,22
146,16,27,136,461,40
297,13,19,290,456,32
285,6,32,277,451,46
98,7,35,90,451,48
493,5,7,484,450,20
57,60,32,51,504,45
172,12,36,164,456,49
56,32,20,47,475,33
470,30,9,460,476,22
375,62,41,368,508,54
461,40,31,453,484,44
408,59,26,399,504,40
340,38,31,333,483,46
102,41,8,94,485,21

*4,7
,5,20,29,386,186,30
63,267,42,445,435,41
91,23,34,471,191,34
87,253,23,469,420,22
87,297,40,467,465,40
28,43,32,410,210,31
96,56,29,478,223,29
70,44,32,451,212,32
60,330,15,440,498,14
63,258,30,445,426,29
64,224,14,446,392,14
98,7,35,480,173,34
8,244,35,391,410,34
94,114,32,474,281,32
79,110,38,459,277,38
84,223,28,465,390,27
21,14,29,402,181,29
123,225,28,504,391,27
37,319,32,418,486,31
61,223,28,442,390,27
28,277,42,408,444,43
56,32,20,436,199,20
27,164,36,410,330,36
105,314,33,487,480,33
127,18,19,508,186,18
64,276,25,444,444,25
71,93,21,452,260,21
25,306,41,405,473,42
102,233,21,483,400,20
116,236,40,497,403,40
50,332,39,432,499,38
44,335,32,425,503,31
13,148,35,397,314,34
86,304,28,468,471,28
62,124,36,443,290,36
124,183,26,507,350,26
63,326,24,444,493,23
88,164,35,469,332,35
43,221,26,423,389,26
60,334,32,441,502,32
72,122,21,452,289,21
70,222,8,450,389,8
62,49,19,443,216,19
66,221,22,447,388,21
48,158,42,430,325,42
14,244,29,397,412,28
112,223,15,493,388,14

*4,8
,87,297,40,480,27,78
107,321,39,500,50,77
60,330,15,452,58,53
115,331,26,507,59,65
29,409,21,420,139,59
82,366,19,475,95,56
37,319,32,429,47,71
25,306,41,417,34,81
105,314,33,498,43,71
44,335,32,436,64,70
45,381,22,437,111,60
50,332,39,443,61,77
64,276,25,454,5,65
5,359,39,396,88,78
5,434,20,395,165,58
60,334,32,452,64,70
28,487,36,421,216,75
116,364,29,508,94,68
102,322,9,495,52,49
32,350,12,422,79,51
111,469,28,502,198,68
85,293,17,477,21,55

*5,6
,380,22,41,375,390,56
213,92,47,207,459,61
120,80,40,114,448,55
340,28,39,335,396,54
323,34,42,317,403,57
413,9,39,409,376,53
503,26,44,497,394,59
119,16,39,114,384,53
60,49,41,55,417,55
180,120,44,174,487,59
365,6,39,359,373,55
203,36,9,197,404,25
486,74,44,481,442,58
189,100,45,183,467,60
173,137,42,168,504,57
148,123,16,142,491,31
153,106,30,146,472,45
293,81,49,288,450,63
157,134,22,150,501,37
271,98,47,265,465,62
303,37,45,298,405,59
86,74,13,81,442,27
401,100,46,395,468,61
175,134,32,169,503,47
127,6,28,121,374,43
215,44,43,208,413,58
281,59,47,275,428,62
231,26,43,225,394,58
140,73,29,134,442,44
72,45,14,66,414,29
191,65,43,186,432,58
464,77,44,458,445,59
125,47,40,119,415,55
134,115,44,128,484,59
53,58,35,49,426,49
45,83,10,40,452,24
131,98,42,125,464,58
89,105,16,83,473,30
422,9,30,416,377,45
421,28,37,416,395,52
278,123,38,273,491,53
312,12,33,308,380,47
201,52,7,196,420,22
84,66,5,79,435,19
22,73,9,16,441,24
419,92,46,413,459,60
41,28,10,35,398,24
194,101,39,189,468,54
92,43,13,85,411,29
18,66,32,12,432,48
73,119,6,68,487,21
486,33,40,479,400,55
475,74,37,469,442,51
443,132,32,437,503,47
331,121,13,325,489,26
209,19,8,203,388,23
457,77,38,452,444,53
213,97,41,205,465,55
164,133,16,158,500,31
69,64,13,64,433,27
319,37,48,315,405,63

*5,7
,52,288,47,441,10,33
21,488,45,410,210,31
114,302,54,503,24,40
76,348,52,464,70,39
62,458,22,450,181,9
89,500,42,478,223,29
9,376,29,397,99,16
47,475,33,436,199,20
69,478,24,457,201,11
96,478,27,485,202,13
10,399,30,399,121,17
43,333,52,433,55,39

*7,8
,118,443,32,131,5,71
467,465,40,480,27,78
114,459,18,128,21,55
440,498,14,452,58,53
440,503,8,452,65,45
146,465,31,158,28,69
418,486,31,429,47,71
151,500,30,161,62,69
171,443,28,181,6,67
150,498,16,161,59,55
73,479,28,84,40,67
496,505,38,508,66,77
405,473,42,417,34,81
487,480,33,498,43,71
425,503,31,436,64,70
218,449,40,231,10,80
446,470,23,458,33,62
187,456,21,199,19,59
86,448,29,98,9,67
206,490,42,218,51,81
444,444,25,454,5,65
141,483,34,152,46,73
148,447,37,160,10,76
444,493,23,455,54,61
195,449,42,206,10,81
147,449,31,160,11,69
393,493,42,404,54,81
441,502,32,452,64,70
130,459,33,142,21,72
435,463,30,448,25,68
412,444,37,425,8,75
124,441,26,134,5,65
463,459,17,477,21,55
6,504,29,20,65,68
119,441,38,131,5,77
8,502,41,19,62,80

*8,10
,168,491,63,454,235,39
135,461,49,421,205,25
188,435,41,474,179,17
157,457,35,442,202,11
176,381,70,463,125,46
219,420,40,504,165,15
55,309,73,342,53,49
170,441,39,455,186,15
46,473,72,334,218,48
36,446,36,321,190,11
43,466,36,328,211,11
151,453,45,436,199,19
221,317,42,507,61,18
124,365,73,411,110,50

*8,9
,168,491,63,176,21,37
184,498,61,192,27,34
188,506,68,196,35,42
194,505,48,201,34,22
165,485,55,173,14,29
380,500,37,390,29,9
182,480,71,190,10,44
395,482,71,402,13,44
182,501,55,189,28,28
346,501,70,354,31,43

*9,10
,176,21,37,454,235,39
31,249,47,311,463,48
20,267,47,300,481,49
185,257,26,465,471,27
166,288,20,446,500,20
71,73,22,349,287,24
154,169,26,433,383,28
201,274,26,479,488,28
208,70,22,486,284,24
77,66,15,355,280,16
137,175,26,416,389,28
175,234,52,455,447,53
181,80,38,461,293,39
215,208,23,494,421,25
172,46,46,451,260,48
93,55,11,371,269,12
97,267,11,376,481,13
164,98,36,444,311,38
116,41,11,394,256,12
52,23,46,332,237,48
196,35,42,476,249,43
154,235,26,432,449,28
98,114,42,378,327,44
167,192,15,446,405,16
113,257,15,393,471,17
40,79,23,319,294,25
88,180,22,367,394,24
53,101,26,333,314,28
166,166,14,444,380,15
218,128,28,495,343,29
148,73,32,427,287,34
138,157,26,417,373,28
169,288,14,449,500,14

